$ 1 0.000005 10.20027730826997 50 5 43
a 192 224 304 224 8 15 -15 1000000 0.000006692102892625688 0 100000
R 48 208 -64 208 0 1 40 2.5 2.5 0 0.5
w 192 240 192 288 0
r 192 144 304 144 0 1000000
r 48 208 144 208 0 1000000
w 304 144 304 224 0
w 192 208 192 144 0
g 192 288 192 336 0
w 144 208 192 208 0
a 416 240 528 240 8 15 -15 1000000 -0.00001338380427112324 0 100000
w 528 160 528 240 0
r 336 224 416 224 0 1000
w 416 224 416 160 0
r 416 160 528 160 0 2000
w 528 240 592 240 0
g 416 256 416 320 0
w 304 224 336 224 0
r 48 64 144 64 0 1000
r 144 64 240 64 0 3800
w 144 64 144 80 0
368 144 64 144 0 0 0
R 240 64 288 64 0 0 40 -12 0 0 0.5
r 144 208 144 144 0 1000000
w 144 80 144 144 0
g 48 64 0 64 0
o 1 32 0 4098 20 0.003125 0 3 16 0 14 0
