$ 1 0.000005 9.001713130052181 50 5 43
r 384 160 304 160 0 10000
w 384 160 384 208 0
r 496 160 384 160 0 10000
w 496 224 496 160 0
a 384 224 496 224 8 15 -15 1000000 3.6489150910729453 3.648938069374767 100000
R 304 160 304 96 0 0 40 5 0 0 0.5
R 16 256 -80 256 0 1 40 10 0 0 0.5
a 608 224 720 224 8 15 -15 1000000 2.2977842264613617 2.297830182145891 100000
r 608 160 720 160 0 10000
r 496 240 608 240 0 10000
w 496 224 496 240 0
w 608 160 608 208 0
w 720 224 720 160 0
g 544 160 544 128 0 0
w 720 224 768 224 0
r 608 160 544 160 0 10000
a 16 240 128 240 8 15 -15 1000000 4.595752277499068 4.595798235021843 100000
w 16 224 16 176 0
w 16 176 128 176 0
w 128 176 128 240 0
r 128 240 208 240 0 20000
r 208 240 208 304 0 20000
r 208 240 208 176 0 10000
g 208 304 208 320 0 0
R 208 176 208 128 0 0 40 5 0 0 0.5
w 208 240 384 240 0
p 384 240 384 320 1 0 0
p 768 224 768 304 1 0 0
p 16 256 16 320 1 0 0
o 14 64 0 4098 20 0.1 0 3 6 0 25 0
