$ 1 0.000005 10.20027730826997 50 5 43 5e-11
R -352 496 -352 416 0 0 40 5 0 0 0.5
r -224 416 -144 416 0 1000
r -144 416 -64 416 0 1000
r -64 416 16 416 0 1000
r 96 416 176 416 0 1000
r 16 416 96 416 0 1000
s -144 416 -144 496 0 1 true
s -64 416 -64 496 0 1 true
s 96 416 96 496 0 1 true
s 16 416 16 496 0 1 true
s 176 416 176 496 0 1 true
s 256 416 256 496 0 1 true
r 176 416 256 416 0 1000
g -224 416 -224 464 0 0
w -352 496 -144 496 0
w -64 496 -144 496 0
w 16 496 -64 496 0
w 96 496 16 496 0
w 176 496 96 496 0
w 256 496 176 496 0
w -144 416 -144 320 0
w -144 320 -80 320 0
O -80 320 0 320 0 0
368 -80 320 -80 256 0 0
