$ 1 0.000005 10.20027730826997 50 5 43
a 240 208 400 208 8 15 -15 1000000 4.9999000019999595 5 100000
w 400 208 400 144 0
r 400 144 240 144 0 10000
w 240 144 240 192 0
r 240 144 80 144 0 10000
g 80 144 80 96 0
R 240 224 144 224 0 0 40 5 0 0 0.5
w 400 208 464 208 0
p 464 208 464 256 1 0
p 464 400 464 448 1 0
g 80 336 80 288 0
r 240 336 80 336 0 10000
r 400 336 240 336 0 10000
409 240 400 400 400 1 0.6 -3.5015955370512883 0.0231 0
w 240 336 240 384 0
R 240 416 144 416 0 0 40 2 0 0 0.5
w 400 400 400 336 0
w 400 400 464 400 0
g 320 432 320 464 0
R 320 368 368 368 0 0 40 12 0 0 0.5
p 560 640 560 688 1 0
w 528 640 560 640 0
r 368 576 288 576 0 10000
w 368 576 368 624 0
r 528 576 368 576 0 10000
w 528 640 528 576 0
a 368 640 528 640 8 15 -15 1000000 0.026562995307535503 0.026513526567441655 100000
r 368 656 368 720 0 10000
g 368 720 368 752 0
r 368 656 288 656 0 10000
R 288 576 288 512 0 0 40 5 0 0 0.5
p 256 656 256 704 1 0
R 64 672 -32 672 0 1 40 2.5 2.5 0 0.5
g -96 592 -96 544 0
r 64 592 -96 592 0 10000
w 64 592 64 640 0
r 224 592 64 592 0 10000
w 224 656 224 592 0
a 64 656 224 656 8 15 -15 1000000 0.026513526567301913 0.026514056837833262 100000
w 224 656 256 656 0
w 256 656 288 656 0
p 64 672 64 752 1 0
x -85 709 21 712 4 14 DC\sinput\s(0-5v)
x 508 710 632 713 4 14 DC\soutput\s(\p/-5v)
