$ 64 0.000005 5.023272298708815 50 5 50 5e-11
R 272 304 208 304 0 1 400 5 0 0 0.5
c 272 304 336 304 0 1e-7 -0.009733059483200357 0.001
r 336 304 336 432 0 1000000
g 336 432 336 480 0 0
w 336 304 400 304 0
a 400 288 512 288 8 15 -15 1000000 4.360608248415894 4.3606518544983786 100000
d 816 288 816 400 2 1N4148
g 816 400 816 432 0 0
w 816 288 848 288 0
g 848 400 848 432 0 0
d 848 400 848 288 2 1N4148
c 1216 176 1104 176 0 1e-10 3.7042639404897786 0.001
g 1104 320 1104 368 0 0
a 912 288 1024 288 8 15 -15 1000000 -0.3730507830328891 -0.3730545135407194 100000
r 1216 304 1296 304 0 1000
w 1296 304 1328 304 0
r 1104 224 1216 224 0 100000
w 400 272 400 240 0
r 512 288 592 288 0 100000
a 624 288 736 288 8 15 -15 1000000 0.000004571777911786786 0 100000
g 624 304 624 336 0 0
w 592 288 592 272 0
w 592 272 624 272 0
r 736 224 736 160 0 10000
r 736 288 816 288 0 10000
w 400 240 512 240 0
w 512 240 512 288 0
174 736 160 688 96 1 100000 0.005 Resistance
a 1104 304 1216 304 8 15 -15 1000000 -0.00003704226898220796 0 100000
w 912 304 880 304 0
w 880 304 880 288 0
w 880 288 848 288 0
w 1024 288 1024 224 0
w 1024 224 912 224 0
w 912 224 912 272 0
r 1024 288 1104 288 0 10000
c 736 224 624 224 0 1e-10 -0.45718236295659037 0.001
w 1104 288 1104 224 0
w 1104 224 1104 176 0
w 1216 176 1216 224 0
w 1216 224 1216 304 0
w 736 224 736 288 0
w 624 128 624 224 0
w 624 224 624 272 0
w 624 128 688 128 0
o 0 16 0 4098 10 0.1 0 1
o 8 16 0 4098 2.5 0.1 1 1
o 15 16 0 4098 20 0.1 2 1
