$ 1 0.000005 10.20027730826997 50 5 43 5e-11
R 384 352 272 352 0 1 40 5 0 0 0.5
a 384 336 528 336 8 15 -15 1000000 2.13454227054974 2.134579966514785 100000
w 384 320 384 256 0
w 528 336 528 256 0
w 528 256 528 208 0
w 384 208 384 256 0
r 384 208 288 208 0 1000
g 288 208 288 240 0 0
162 384 256 528 256 2 default-led 1 0 0 0.01
162 528 208 384 208 2 default-led 0 1 0 0.01
162 64 208 -80 208 2 default-led 0 1 0 0.01
162 -80 256 64 256 2 default-led 1 0 0 0.01
g -80 352 -80 384 0 0
r -80 208 -160 208 0 1000
w -80 208 -80 256 0
w 64 256 64 208 0
w 64 336 64 256 0
w -80 320 -80 256 0
a -80 336 64 336 8 15 -15 1000000 0.000016350388492419696 0 100000
R -160 208 -208 208 0 1 40 5 0 0 0.5
x 264 434 546 437 4 14 good\sunless\sinput\svoltage\sgoes\snear\srail
R 800 352 752 352 0 1 40 5 0 0 0.5
a 864 336 1008 336 8 15 -15 1000000 1.716001575223969 1.7160348750412977 100000
w 864 320 864 256 0
w 1008 336 1008 256 0
w 1008 256 1008 208 0
w 864 208 864 256 0
r 864 208 784 208 0 1000
g 864 416 864 448 0 0
162 864 256 1008 256 2 default-led 1 0 0 0.01
162 1008 208 864 208 2 default-led 0 1 0 0.01
x -149 441 32 444 4 14 drains\scurrent\sfrom\ssignal
x -114 147 5 150 4 20 North\sCoast
x 394 149 417 152 4 20 MI
x 809 152 928 155 4 20 North\sCoast
g 784 208 784 240 0 0
r 800 352 864 352 0 20000
r 864 416 864 352 0 82000
