$ 1 0.000005 10.20027730826997 50 5 43
409 256 336 400 336 1 0.6 -0.854165936398334 0.023100000000000002 0
g 320 368 320 416 0
R 320 304 320 240 0 0 40 5 0 0 0.5
g 256 352 256 416 0
r 256 320 128 320 0 100000
w 256 320 256 208 0
r 256 208 128 208 0 200000
r 256 208 400 208 0 66700
w 400 208 400 336 0
w 400 336 496 336 0
R 128 320 16 320 0 1 40 2.5 2.5 0 0.5
174 64 112 192 176 1 10000 0.9950000000000001 Resistance
g 192 112 192 128 0
R 16 112 16 48 0 0 40 -12 0 0 0.5
r 64 112 16 112 0 2000
w 128 176 128 208 0
o 10 64 0 4098 10 0.1 0 2 9 0
