$ 1 0.000005 10.20027730826997 50 5 43
R -304 400 -384 400 0 1 40 5 0 0 0.5
R -304 496 -384 496 0 1 40 5 0 0 0.5
R -304 304 -384 304 0 1 40 5 0 0 0.5
R -304 208 -384 208 0 1 40 5 0 0 0.5
S -224 224 -304 224 0 1 false 0 2
S -224 320 -304 320 0 1 false 0 2
S -224 512 -304 512 0 1 false 0 2
S -224 416 -304 416 0 1 false 0 2
174 -224 224 -176 272 1 100000 0.8861000000000001 Resistance
174 -224 320 -176 368 1 100000 0.8762000000000001 Resistance
174 -224 416 -176 464 1 100000 0.8663000000000001 Resistance
174 -224 512 -176 560 1 100000 0.9257000000000001 Resistance
r -176 256 -96 256 0 100000
w -96 256 -96 352 0
w -96 352 -96 448 0
r -176 352 -96 352 0 100000
w -96 448 -96 544 0
r -176 448 -96 448 0 100000
r -176 544 -96 544 0 100000
a 48 368 160 368 8 15 -15 1000000 -0.000015630764789291156 0 100000
g 48 384 48 416 0
r 48 304 160 304 0 100000
w 160 304 160 368 0
w 48 304 48 352 0
w 48 352 -96 352 0
r 160 368 240 368 0 100000
w 240 320 240 368 0
w 352 320 352 384 0
r 240 320 352 320 0 100000
g 240 400 240 432 0
a 240 384 352 384 8 15 -15 1000000 0.000015630452180247555 0 100000
w 464 384 528 384 0
r 352 384 464 384 0 1000
g -224 288 -176 288 0
g -224 384 -176 384 0
g -224 480 -176 480 0
g -224 576 -192 576 0
o 31 64 0 4098 10 0.1 0 5 3 0 2 0 0 0 1 0
