$ 1 0.000005 9.001713130052181 50 5 43
p 576 224 576 272 1 0
w 544 224 576 224 0
r 384 160 304 160 0 10000
w 384 160 384 208 0
r 544 160 384 160 0 10000
w 544 224 544 160 0
a 384 224 544 224 8 15 -15 1000000 0.2884290236918599 0.2883847922723337 100000
R 304 160 304 96 0 0 40 5 0 0 0.5
R 384 240 288 240 0 1 40 2.5 2.5 0 0.5
p 384 240 384 320 1 0
x 235 277 342 280 4 14 DC\sinput\s(0-5v)
x 524 294 649 297 4 14 DC\soutput\s(\p/-5v)
o 8 64 0 4099 5 0.00009765625 0 2 8 3
o 1 64 0 4099 5 0.00009765625 1 2 1 3
