$ 1 0.000005 9.001713130052181 50 5 43
p 576 224 576 272 1 0
w 544 224 576 224 0
r 384 160 304 160 0 10000
w 384 160 384 208 0
r 544 160 384 160 0 10000
w 544 224 544 160 0
a 384 224 544 224 8 15 -15 1000000 1.608956203232363 1.6089383823564276 100000
r 384 240 384 304 0 10000
g 384 304 384 336 0
r 384 240 304 240 0 10000
R 304 160 304 96 0 0 40 5 0 0 0.5
p 272 240 272 288 1 0
R 80 256 -16 256 0 1 40 2.5 2.5 0 0.5
g -80 176 -80 128 0
r 80 176 -80 176 0 10000
w 80 176 80 224 0
r 240 176 80 176 0 10000
w 240 240 240 176 0
a 80 240 240 240 8 15 -15 1000000 1.6089383823588577 1.6089705611265048 100000
w 240 240 272 240 0
w 272 240 304 240 0
p 80 256 80 336 1 0
x -69 293 37 296 4 14 DC\sinput\s(0-5v)
x 524 294 648 297 4 14 DC\soutput\s(\p/-5v)
