$ 1 0.000005 9.001713130052181 50 5 43
p 576 224 576 272 1 0
w 544 224 576 224 0
r 384 160 304 160 0 10000
w 384 160 384 208 0
r 544 160 384 160 0 10000
w 544 224 544 160 0
a 384 224 544 224 8 15 -15 1000000 2.822675123799803 2.8226815773022786 100000
R 304 160 304 96 0 0 40 5 0 0 0.5
R 336 240 224 240 0 1 40 2.5 2.5 0 0.5
p 384 240 384 320 1 0
x 190 281 287 284 4 14 DC\sinput\s(0-5v)
x 524 294 634 297 4 14 DC\soutput\s(\p/-5v)
a 720 208 880 208 8 15 -15 1000000 0.6453373408017233 0.6453502475485393 100000
r 576 224 720 224 0 1000
w 720 192 720 144 0
r 720 144 880 144 0 1000
w 880 144 880 208 0
r 720 144 640 144 0 1000
g 640 144 640 48 0
w 880 208 944 208 0
w 336 240 384 240 0
w 336 240 336 416 0
w 720 224 720 416 0
s 336 416 720 416 0 1 false
o 8 64 0 4098 10 0.00009765625 0 5 8 3 1 0 1 3 19 0
