$ 1 0.000005 10.20027730826997 50 5 43 5e-11
R 144 304 48 304 0 1 40 5 0 0 0.5
g 320 304 320 336 0 0
a 256 416 400 416 9 15 -15 1000000 -0.3001674983972227 -0.30012689819157085 100000
w 256 336 256 400 0
w 144 304 144 464 0
r 144 464 256 464 0 100000
w 256 432 256 464 0
r 256 464 400 464 0 100000
w 400 416 400 464 0
w 400 416 448 416 0
a 576 400 720 400 9 15 -15 1000000 0.00004059939366548221 1.490776857792188e-15 100000
r 448 416 528 416 0 10000
w 576 416 528 416 0
R 688 192 688 144 0 0 40 12 0 0 0.5
R 464 192 464 240 0 0 40 -12 0 0 0.5
r 720 496 576 496 0 10000
w 576 496 576 416 0
w 720 400 720 496 0
r 720 400 784 400 0 1000
r 528 192 464 192 0 33000
r 688 192 624 192 0 33000
174 224 304 272 336 1 50000 0.9356000000000001 Atten
w 224 304 144 304 0
w 320 304 288 304 0
174 528 192 608 240 1 50000 0.5 Offset
w 576 240 576 384 0
a 800 592 912 592 8 15 -15 1000000 -0.000014748472054783627 0 100000
O 784 400 832 400 0 0
r 720 496 800 496 0 10000
g 800 608 800 656 0 0
162 800 496 912 496 2 default-led 0 1 0 0.01
162 912 528 800 528 2 default-led 1 0 0 0.01
w 800 576 800 528 0
w 800 528 800 496 0
w 912 496 912 528 0
w 912 592 912 528 0
o 0 64 0 4098 10 0.05 0 2 27 0
