$ 1 0.000003125 2.803162489452614 50 5 43 5e-11
a 496 288 608 288 8 15 -15 1000000 2.195592968556573 2.298314922434674 100000
w 496 272 448 272 0
w 496 304 368 304 0
w 368 304 368 368 0
w 496 368 368 368 0
w 496 336 448 336 0
a 496 352 608 352 8 15 -15 1000000 1.5419658331270112 2.298314922434674 100000
a 496 480 608 480 8 15 -15 1000000 0.38326318395642467 2.298314922434674 100000
w 496 464 448 464 0
w 496 496 368 496 0
w 368 432 368 496 0
w 496 432 368 432 0
w 496 400 448 400 0
a 496 416 608 416 8 15 -15 1000000 1.096310968061401 2.298314922434674 100000
w 368 368 368 432 0
162 608 288 672 288 2 default-led 1 0 0 0.01
r 672 288 736 288 0 1000
g 736 288 768 288 0 0
g 736 352 768 352 0 0
r 672 352 736 352 0 1000
162 608 352 672 352 2 default-led 1 1 0 0.01
g 736 416 768 416 0 0
r 672 416 736 416 0 1000
162 608 416 672 416 2 default-led 0 1 0 0.01
g 736 480 768 480 0 0
r 672 480 736 480 0 1000
162 608 480 672 480 2 default-led 0 1 0 0.01
x 816 424 978 427 4 20 0dbu\s\q\s1.10Vpk
x 805 362 984 365 4 20 \p3dbu\s\q\s1.55Vpk
x 806 293 985 296 4 20 \p6dbu\s\q\s2.19Vpk
x 801 487 859 490 4 20 -9dbu
174 -496 0 -432 32 1 50000 0.005 Line Level Gain
w -464 32 -464 176 0
w -464 176 -432 176 0
a -432 160 -320 160 8 15 -15 1000000 -1.997418957409506 -1.9974389315990801 100000
w -432 144 -432 96 0
w -432 96 -320 96 0
w -320 96 -320 160 0
r -320 160 -240 160 0 2000
a -240 176 -128 176 8 15 -15 1000000 -0.000009987492977805988 0 100000
w -240 160 -240 96 0
r -240 96 -128 96 0 1000
w -128 96 -128 176 0
w -240 96 -240 48 0
c -240 48 -128 48 0 1e-10 -0.9987592852735765 0.001
w -128 48 -128 96 0
g -240 192 -240 224 0 0
w -128 176 -64 176 0
w -128 48 -128 0 0
w -128 0 -432 0 0
r 16 -64 112 -64 0 10000
r 112 -64 208 -64 0 10000
a 112 0 208 0 8 15 -15 1000000 0.000009987293231941347 0 100000
w 112 -64 112 -16 0
g 112 16 112 48 0 0
w 208 0 208 -64 0
r 208 0 272 0 0 100
207 272 0 320 0 4 Line\sOut\s\p\s\s(ring)
a 112 -176 208 -176 8 15 -15 1000000 0.9987393103874949 0.9987492977805987 100000
w 112 -192 112 -240 0
w 112 -240 208 -240 0
w 208 -240 208 -176 0
207 272 -176 320 -176 4 Line\sOut\s-\s\s(tip)
r 208 -176 272 -176 0 100
w 112 -160 16 -160 0
w 16 -160 16 -112 0
w 16 -112 16 -64 0
w 16 -112 -64 -112 0
w -64 176 -64 -112 0
w -64 176 -64 320 0
R -1104 16 -1200 16 0 1 40 5 5 0 0.5
x 116 -106 194 -103 4 20 NE5532
x -40 -175 110 -172 4 10 maybe\s100ohm\sresistor\shere?
w -768 -64 -768 0 0
w -880 -64 -768 -64 0
w -880 -16 -880 -64 0
a -880 0 -768 0 8 15 -15 1000000 -2.0124951538572695 -2.012515278808808 100000
w -912 16 -880 16 0
w -576 0 -496 0 0
w -128 -624 -432 -624 0
w -128 -576 -128 -624 0
w -128 -448 -64 -448 0
g -240 -432 -240 -400 0 0
w -128 -576 -128 -528 0
c -240 -576 -128 -576 0 1e-10 -0.4512973296091393 0.001
w -240 -528 -240 -576 0
w -128 -528 -128 -448 0
r -240 -528 -128 -528 0 1000
w -240 -464 -240 -528 0
a -240 -448 -128 -448 8 15 -15 1000000 -0.000004512928166809725 0 100000
r -320 -464 -240 -464 0 2000
w -320 -528 -320 -464 0
w -432 -528 -320 -528 0
w -432 -480 -432 -528 0
a -432 -464 -320 -464 8 15 -15 1000000 -0.9025496476333144 -0.9025586731297907 100000
w -464 -448 -432 -448 0
w -464 -592 -464 -448 0
174 -496 -624 -432 -592 1 50000 0.45050000000000007 Headphone Gain
r 288 -384 352 -384 0 10
w 128 -384 128 -448 0
g 32 -368 32 -336 0 0
w 32 -448 32 -400 0
a 32 -384 128 -384 8 15 -15 1000000 0.000004512837910051525 0 100000
r 32 -448 128 -448 0 1000
r -64 -448 32 -448 0 1000
w -496 -624 -576 -624 0
w -576 -624 -576 0 0
a 192 -480 288 -480 8 15 -15 1000000 -0.45127927821237035 -0.4512837910051525 100000
w 128 -384 160 -384 0
w 160 -384 288 -384 0
w 160 -464 160 -384 0
w 192 -496 192 -544 0
w 192 -544 288 -544 0
w 288 -544 288 -480 0
r 288 -480 352 -480 0 10
w 192 -464 160 -464 0
w 160 -464 160 -576 0
w 192 -576 160 -576 0
r 288 -592 352 -592 0 10
w 288 -656 288 -592 0
w 192 -656 288 -656 0
w 192 -608 192 -656 0
a 192 -592 288 -592 8 15 -15 1000000 -0.45127927821237035 -0.4512837910051525 100000
w 192 -688 160 -688 0
r 288 -704 352 -704 0 10
w 288 -768 288 -704 0
w 192 -768 288 -768 0
w 192 -720 192 -768 0
a 192 -704 288 -704 8 15 -15 1000000 -0.45127927821237035 -0.4512837910051525 100000
w 160 -688 160 -576 0
w 352 -704 352 -592 0
w 352 -592 352 -480 0
w 352 -480 352 -384 0
207 352 -384 400 -384 4 Headphones\sOut
x 1 -496 150 -493 4 10 Maybe\sLP\sfeedback\scap\shere?
c -1104 16 -1024 16 0 1.5000000000000002e-7 3.8344815630066265 0.001
w -672 0 -576 0 0
r -1024 16 -1024 96 0 100000
g -1024 96 -1024 144 0 0
w -1024 16 -912 16 0
x -1080 -42 -979 -39 4 24 10Hz\sHP
x -991 116 -798 132 4 10 if\sinitial\sbuffer\sis\sswitched\sto\sinverting,\\n\sthis\sresistor\sto\sground\sis\snot\sneeded
w -768 0 -672 0 0
a 0 304 112 304 8 15 -15 1000000 2.298314922434674 0.9987492977805987 100000
d 112 304 176 304 2 default
w 176 304 176 240 0
w 176 240 0 240 0
w 0 240 0 288 0
w 0 320 -64 320 0
w 176 304 208 304 0
209 208 304 208 368 0 0.00001 2.298314922434674 0.001 1
g 208 368 208 384 0 0
w 208 304 272 304 0
174 272 304 304 352 1 100000 0.005 Peak Detector Decay
r 272 368 272 416 0 10000
g 272 416 272 432 0 0
w 304 336 304 368 0
w 304 368 272 368 0
w 272 304 368 304 0
x 433 -646 734 -643 4 14 Optional\s(for\shigh-impedance\sheadphones)
x 372 -612 467 -609 4 150 }
x 100 -347 178 -344 4 20 NE5532
x -528 -30 -405 -27 4 12 linear\spot,\sany\svalue
x -512 -660 -389 -657 4 12 linear\spot,\sany\svalue
x 260 285 345 288 4 12 linear\strim\spot
x -371 -33 -190 -30 4 24 Baxandall\sAmp
x -370 -653 -189 -650 4 24 Baxandall\sAmp
x 73 -808 292 -805 4 24 Headphone\sDriver
x 375 -85 576 -82 4 24 Balanced\sOutput
R 448 208 448 144 0 0 40 12 0 0 0.5
r 448 208 448 272 0 33000
r 448 272 448 336 0 2200
r 448 336 448 400 0 1500
r 448 464 448 528 0 820
r 448 528 448 592 0 470
g 448 592 448 624 0 0
r 448 400 448 464 0 2400
162 608 544 672 544 2 default-led 0 1 0 0.01
r 672 544 736 544 0 1000
g 736 544 768 544 0 0
w 496 560 368 560 0
w 496 528 448 528 0
a 496 544 608 544 8 15 -15 1000000 0.13963852438722452 2.298314922434674 100000
w 368 560 368 496 0
x 801 550 983 553 4 20 -18dbu\s\q\s0.14Vpk
o 70 4 0 4098 10 0.1 0 7 70 3 62 3 57 0 57 3 158 3 78 3
