$ 1 0.000005 16.817414165184545 61 5 43 5e-11
R 144 176 144 112 0 0 40 5 0 0 0.5
R -48 272 -144 272 0 1 20 10 0 0 0.5
g 144 352 144 400 0 0
t 80 256 144 256 0 -1 2.5909727632700106 -0.4930123126424748 100 default
r 144 224 144 176 0 100000
w 144 304 144 272 0
w 144 352 144 304 0
r 32 256 80 256 0 100000
w 144 240 144 224 0
w 304 240 400 240 0
r 144 224 208 224 0 1000
S 208 224 304 224 0 1 false 0 2
R 304 208 384 208 0 3 40 2.5 2.5 0 0.5
S 32 256 -48 256 0 0 false 0 2
w -48 240 -112 240 0
w 624 224 560 224 0
S 704 240 624 240 0 0 false 0 2
R 1024 224 1104 224 0 3 40 2.5 2.5 0 0.5
S 928 240 1024 240 0 1 false 0 2
w 1024 256 1120 256 0
r 704 240 752 240 0 10000
R 624 256 528 256 0 1 20 10 0 0 0.5
r 880 240 928 240 0 10000
w 752 240 816 240 0
w 880 240 816 240 0
z 816 240 816 160 2 default-zener
R 816 160 816 112 0 0 40 5 0 0 0.5
z 816 320 816 240 2 default-zener
g 816 320 816 352 0 0
r 880 240 880 320 0 100000
g 880 320 880 352 0 0
o 1 64 0 4098 10 0.025 0 2 9 0
o 14 64 0 4098 5 0.1 1 4 14 3 12 0 12 3
