$ 1 0.000005 10.20027730826997 50 5 43
a 0 176 112 176 8 15 -15 1000000 0 -7.812056495009045 100000
a 288 160 400 160 8 15 -15 1000000 0.00005624112990010216 0 100000
w 0 160 0 96 0
w 0 96 80 96 0
g 80 96 80 128 0 0
r -48 192 -128 192 0 100000
R -128 192 -192 192 0 2 40 10 0 0 0.5
174 176 176 224 128 1 10000 0.8069000000000001 Resistance
w 176 176 112 176 0
w 224 144 288 144 0
w 288 144 288 96 0
c 288 96 400 96 0 0.000001 5.624169231140116 0.001
w 400 160 400 96 0
w 560 176 608 176 0
w 0 192 -48 192 0
w -48 192 -48 32 0
r -48 32 400 32 0 100000
w 400 32 400 96 0
g 288 176 288 208 0 0
g 448 192 448 224 0 0
a 448 176 560 176 8 15 -15 1000000 -0.00005624000510000017 0 100000
w 448 160 448 96 0
w 560 96 560 176 0
r 400 160 448 160 0 100000
r 448 96 560 96 0 100000
o 13 64 0 4098 20 0.1 0 2 6 0
