$ 1 0.000005 10.20027730826997 50 5 43
a 192 224 304 224 8 15 -15 1000000 2.5721924421125033 2.5722438859613455 100000
w 224 528 224 624 0
a -96 240 16 240 8 15 -15 1000000 2.5722424411125235 2.5722438859613455 100000
w 352 224 384 224 0
R -96 256 -176 256 0 1 40 2.5 2.5 0 0.5
w 336 432 336 624 0
s 224 624 336 624 0 0 false
r 192 128 304 128 0 1000
r 112 128 192 128 0 1000
g 112 128 112 176 0
w 304 128 304 224 0
w 192 128 192 208 0
r 192 240 64 240 0 1000
w 16 240 16 160 0
r 16 160 -96 160 0 1000
w -96 160 -96 224 0
r -96 160 -176 160 0 1000
R -176 160 -176 80 0 0 40 5 0 0 0.5
w 16 240 64 240 0
s -96 352 16 352 0 0 false
w 192 240 192 352 0
w -96 256 -96 352 0
r 304 224 352 224 0 1000
w 192 352 16 352 0
o 3 32 0 4098 20 0.003125 0 2 18 0
