$ 1 0.000005 3.5993318835628396 50 5 43 5e-11
R 48 432 0 432 0 2 400 2.5 2.5 0 0.5
r 48 384 144 384 0 50000
R 48 336 -16 336 0 0 40 -5 0 0 0.5
r 144 336 48 336 0 100000
w 144 384 144 336 0
w 144 384 208 384 0
S 288 448 208 448 0 1 false 0 2
r 144 512 48 512 0 100000
w 48 464 48 432 0
w 448 464 496 464 0
g 336 480 336 512 0 0
w 448 400 448 464 0
w 336 448 336 400 0
a 336 464 448 464 8 15 -15 1000000 0.000049998000079996805 0 100000
r 336 400 448 400 0 100000
w 688 480 736 480 0
r 576 464 496 464 0 50000
g 576 496 576 528 0 0
w 688 384 688 480 0
w 624 384 688 384 0
174 576 416 624 368 1 50000 0.9950000000000001 Resistance
w 576 464 576 416 0
a 576 480 688 480 8 15 -15 1000000 -0.000049747017626595194 0 100000
w 208 464 208 512 0
w 208 512 144 512 0
w 48 512 48 464 0
w 208 432 208 384 0
w 48 384 48 432 0
w 288 448 336 448 0
o 0 4 0 4098 10 0.1 0 4 0 3 15 0 15 3
