$ 1 0.000005 18.278915558614752 42 5 43 5e-11
R 144 176 144 112 0 0 40 5 0 0 0.5
R 32 256 -64 256 0 1 10 10 0 0 0.5
g 144 352 144 400 0 0
t 80 256 144 256 0 -1 -0.6132439906010911 -0.645447052436028 100 default
r 144 224 144 176 0 1000
w 144 304 144 272 0
w 144 352 144 304 0
r 32 256 80 256 0 1000
w 144 240 144 224 0
w 144 224 240 224 0
r 80 272 80 352 0 100000
g 80 352 80 400 0 0
t 448 304 512 304 0 1 0.5296988409308997 0.5547581128854384 100 default
r 400 304 448 304 0 100000
R 400 304 352 304 0 1 10 10 0 0 0.5
g 512 320 512 368 0 0
g 448 384 448 432 0 0
r 448 304 448 384 0 100000
w 512 288 560 288 0
r 512 288 512 208 0 100000
R 512 208 512 144 0 0 40 5 0 0 0.5
x 391 101 608 104 4 24 Mutable\sInstruments
x 52 77 106 80 4 24 MTM
R 832 208 832 144 0 0 40 5 0 0 0.5
r 832 288 832 208 0 10000
w 832 288 880 288 0
g 832 320 832 368 0 0
R 736 304 688 304 0 1 10 10 0 0 0.5
r 736 304 784 304 0 100000
t 784 304 832 304 0 1 -10.56222973693728 -5.562229893559602 100 default
x 775 110 869 113 4 24 MI\sRings
o 1 64 0 4098 10 0.025 0 2 9 0
o 18 128 0 4098 10 0.1 1 2 14 0
o 27 128 0 4098 10 0.1 2 4 27 3 25 0 25 3
