$ 1 0.000005 3.5993318835628396 50 5 43
a -48 176 80 176 9 15 -15 1000000 2.3219605274071853 8.534121016803423 100000
a 272 160 400 160 9 15 -15 1000000 5.999940680543238 6 100000
a 736 144 864 144 9 15 -15 1000000 6.000103567001462 6 100000
w -48 192 -48 240 0
r -48 240 80 240 0 22000
w 80 240 80 176 0
174 144 112 80 240 1 2000000 0.005 Resistance
w 208 240 208 176 0
r 208 176 272 176 0 10000
w 144 240 208 240 0
w 272 176 272 256 0
w 400 160 400 256 0
c 272 256 400 256 0 1e-9 0.06799500431160155
w -48 160 -48 80 0
w -48 160 -112 160 0
w -48 80 0 80 0
r 0 80 112 80 0 1000
w 112 80 400 80 0
w 400 80 400 160 0
w 272 144 272 0 0
w 272 0 496 0 0
r 496 0 496 -96 0 100000
r 496 0 496 80 0 100000
g 496 80 496 96 0
R 496 -96 496 -160 0 0 40 12 0 0 0.5
R -224 160 -320 160 0 2 1000 2.5 2.5 0 0.5
w 400 160 544 160 0
w 608 224 672 224 0
r 672 160 736 160 0 10000
w 672 224 672 160 0
174 608 96 544 224 1 2000000 0.9950000000000001 Resistance
w 496 0 736 0 0
w 736 0 736 128 0
c 736 240 864 240 0 1e-9 16.35680371321358
w 864 144 864 240 0
w 736 160 736 240 0
w 864 240 864 336 0
r 864 336 -48 352 0 22000
w -48 352 -48 240 0
w 1056 208 1232 208 0
c 944 208 1056 208 0 0.0000047 -4.4364512064021255e-12
w 864 144 944 144 0
r 944 144 944 208 0 10000
r 944 208 944 272 0 22000
g 944 272 944 304 0
c -224 160 -112 160 0 0.0000047 -3.5341210168034234
o 25 2 0 4098 20 0.1 0 2 39 0
